1.500000e-02  3.344503e+00  3.322190e+01  1.063500e+04
2.500000e-02  2.696518e-01  5.613288e+01  1.085555e+04
3.500000e-02  6.864432e-02  7.895998e+01  1.093316e+04
4.500000e-02  2.683724e-02  1.017701e+02  1.097363e+04
5.500000e-02  1.312972e-02  1.245805e+02  1.099945e+04
6.500000e-02  7.371067e-03  1.473912e+02  1.101733e+04
7.500000e-02  4.542415e-03  1.702047e+02  1.103072e+04
8.500000e-02  2.994315e-03  1.930195e+02  1.104107e+04
9.500000e-02  2.076558e-03  2.158409e+02  1.104976e+04
1.050000e-01  1.498612e-03  2.386562e+02  1.105637e+04
1.150000e-01  1.116625e-03  2.614797e+02  1.106236e+04
1.250000e-01  8.542305e-04  2.843014e+02  1.106729e+04
1.350000e-01  6.679737e-04  3.071272e+02  1.107171e+04
1.450000e-01  5.321540e-04  3.299593e+02  1.107583e+04
1.550000e-01  4.308120e-04  3.527945e+02  1.107956e+04
1.650000e-01  3.536429e-04  3.756247e+02  1.108262e+04
1.750000e-01  2.938553e-04  3.984640e+02  1.108571e+04
1.850000e-01  2.468148e-04  4.213036e+02  1.108849e+04
1.950000e-01  2.093055e-04  4.441481e+02  1.109116e+04
2.050000e-01  1.790278e-04  4.669958e+02  1.109366e+04
2.150000e-01  1.543185e-04  4.898502e+02  1.109618e+04
2.250000e-01  1.339505e-04  5.126952e+02  1.109815e+04
2.350000e-01  1.170208e-04  5.355364e+02  1.109984e+04
2.450000e-01  1.028247e-04  5.583850e+02  1.110162e+04
2.550000e-01  9.083063e-05  5.812423e+02  1.110350e+04
2.650000e-01  8.063335e-05  6.040976e+02  1.110519e+04
2.750000e-01  7.190940e-05  6.269515e+02  1.110672e+04
2.850000e-01  6.439986e-05  6.498068e+02  1.110818e+04
2.950000e-01  5.789989e-05  6.726562e+02  1.110940e+04
3.050000e-01  5.224718e-05  6.955134e+02  1.111072e+04
3.150000e-01  4.730637e-05  7.183749e+02  1.111206e+04
3.250000e-01  4.296994e-05  7.412379e+02  1.111336e+04
3.350000e-01  3.914628e-05  7.640944e+02  1.111443e+04
3.450000e-01  3.576371e-05  7.869526e+02  1.111547e+04
3.550000e-01  3.276031e-05  8.098104e+02  1.111645e+04
3.650000e-01  3.008366e-05  8.326660e+02  1.111733e+04
3.750000e-01  2.769046e-05  8.555319e+02  1.111837e+04
3.850000e-01  2.554458e-05  8.783983e+02  1.111935e+04
3.950000e-01  2.361412e-05  9.012703e+02  1.112039e+04
4.050000e-01  2.187383e-05  9.241358e+02  1.112126e+04
4.150000e-01  2.030056e-05  9.469945e+02  1.112198e+04
4.250000e-01  1.887501e-05  9.698621e+02  1.112281e+04
4.350000e-01  1.757907e-05  9.927301e+02  1.112361e+04
4.450000e-01  1.639967e-05  1.015598e+03  1.112438e+04
4.550000e-01  1.532320e-05  1.038460e+03  1.112501e+04
4.650000e-01  1.433897e-05  1.061331e+03  1.112577e+04
4.750000e-01  1.343699e-05  1.084203e+03  1.112648e+04
4.850000e-01  1.260958e-05  1.107067e+03  1.112706e+04
4.950000e-01  1.184873e-05  1.129942e+03  1.112779e+04
5.050000e-01  1.114755e-05  1.152821e+03  1.112854e+04
5.150000e-01  1.050071e-05  1.175697e+03  1.112922e+04
5.250000e-01  9.903156e-06  1.198572e+03  1.112986e+04
5.350000e-01  9.349923e-06  1.221447e+03  1.113048e+04
5.450000e-01  8.837295e-06  1.244321e+03  1.113106e+04
5.550000e-01  8.361466e-06  1.267194e+03  1.113160e+04
5.650000e-01  7.919195e-06  1.290072e+03  1.113219e+04
5.750000e-01  7.507484e-06  1.312950e+03  1.113276e+04
5.850000e-01  7.123764e-06  1.335827e+03  1.113330e+04
5.950000e-01  6.765728e-06  1.358694e+03  1.113369e+04
6.050000e-01  6.431375e-06  1.381560e+03  1.113406e+04
6.150000e-01  6.118492e-06  1.404437e+03  1.113456e+04
6.250000e-01  5.825761e-06  1.427318e+03  1.113507e+04
6.350000e-01  5.551460e-06  1.450190e+03  1.113547e+04
6.450000e-01  5.293933e-06  1.473071e+03  1.113597e+04
6.550000e-01  5.052168e-06  1.495952e+03  1.113644e+04
6.650000e-01  4.824844e-06  1.518825e+03  1.113681e+04
6.750000e-01  4.611087e-06  1.541700e+03  1.113720e+04
6.850000e-01  4.409735e-06  1.564578e+03  1.113760e+04
6.950000e-01  4.219804e-06  1.587454e+03  1.113797e+04
7.050000e-01  4.040672e-06  1.610336e+03  1.113840e+04
7.150000e-01  3.871640e-06  1.633211e+03  1.113874e+04
7.250000e-01  3.711866e-06  1.656087e+03  1.113907e+04
7.350000e-01  3.560769e-06  1.678970e+03  1.113947e+04
7.450000e-01  3.417772e-06  1.701860e+03  1.113993e+04
7.550000e-01  3.282246e-06  1.724740e+03  1.114028e+04
7.650000e-01  3.153859e-06  1.747622e+03  1.114064e+04
7.750000e-01  3.032110e-06  1.770508e+03  1.114103e+04
7.850000e-01  2.916475e-06  1.793395e+03  1.114141e+04
7.950000e-01  2.806662e-06  1.816279e+03  1.114176e+04
8.050000e-01  2.702300e-06  1.839155e+03  1.114204e+04
8.150000e-01  2.603010e-06  1.862046e+03  1.114243e+04
8.250000e-01  2.508546e-06  1.884944e+03  1.114288e+04
8.350000e-01  2.418625e-06  1.907828e+03  1.114320e+04
8.450000e-01  2.332960e-06  1.930719e+03  1.114357e+04
8.550000e-01  2.251294e-06  1.953612e+03  1.114394e+04
8.650000e-01  2.173400e-06  1.976507e+03  1.114433e+04
8.750000e-01  2.099040e-06  1.999401e+03  1.114470e+04
8.850000e-01  2.028019e-06  2.022290e+03  1.114502e+04
8.950000e-01  1.960184e-06  2.045179e+03  1.114533e+04
9.050000e-01  1.895334e-06  2.068067e+03  1.114562e+04
9.150000e-01  1.833296e-06  2.090948e+03  1.114585e+04
9.250000e-01  1.773961e-06  2.113831e+03  1.114610e+04
9.350000e-01  1.717141e-06  2.136703e+03  1.114625e+04
9.450000e-01  1.662751e-06  2.159583e+03  1.114647e+04
9.550000e-01  1.610633e-06  2.182448e+03  1.114656e+04
9.650000e-01  1.560657e-06  2.205299e+03  1.114654e+04
9.750000e-01  1.512733e-06  2.228153e+03  1.114654e+04
9.850000e-01  1.466729e-06  2.250988e+03  1.114640e+04
9.950000e-01  1.422579e-06  2.273816e+03  1.114622e+04
