1.500000e-02  5.353624e+00  1.344801e+01  2.783482e+03
2.500000e-02  4.560299e-01  2.269925e+01  2.837396e+03
3.500000e-02  1.172010e-01  3.192022e+01  2.856389e+03
4.500000e-02  4.599152e-02  4.113017e+01  2.865862e+03
5.500000e-02  2.254015e-02  5.034075e+01  2.871923e+03
6.500000e-02  1.266841e-02  5.955225e+01  2.876191e+03
7.500000e-02  7.812830e-03  6.877112e+01  2.879786e+03
8.500000e-02  5.152381e-03  7.798743e+01  2.882383e+03
9.500000e-02  3.574750e-03  8.720255e+01  2.884383e+03
1.050000e-01  2.580651e-03  9.642335e+01  2.886237e+03
1.150000e-01  1.923416e-03  1.056442e+02  2.887781e+03
1.250000e-01  1.471675e-03  1.148646e+02  2.889083e+03
1.350000e-01  1.150994e-03  1.240859e+02  2.890240e+03
1.450000e-01  9.171039e-04  1.333096e+02  2.891292e+03
1.550000e-01  7.425225e-04  1.425350e+02  2.892256e+03
1.650000e-01  6.095769e-04  1.517565e+02  2.893003e+03
1.750000e-01  5.065594e-04  1.609808e+02  2.893738e+03
1.850000e-01  4.255114e-04  1.702064e+02  2.894421e+03
1.950000e-01  3.608711e-04  1.794386e+02  2.895184e+03
2.050000e-01  3.086833e-04  1.886687e+02  2.895831e+03
2.150000e-01  2.660913e-04  1.979007e+02  2.896450e+03
2.250000e-01  2.309889e-04  2.071264e+02  2.896884e+03
2.350000e-01  2.017994e-04  2.163555e+02  2.897355e+03
2.450000e-01  1.773282e-04  2.255839e+02  2.897766e+03
2.550000e-01  1.566583e-04  2.348174e+02  2.898247e+03
2.650000e-01  1.390805e-04  2.440461e+02  2.898623e+03
2.750000e-01  1.240368e-04  2.532744e+02  2.898937e+03
2.850000e-01  1.110869e-04  2.625052e+02  2.899284e+03
2.950000e-01  9.987766e-05  2.717371e+02  2.899627e+03
3.050000e-01  9.012733e-05  2.809656e+02  2.899900e+03
3.150000e-01  8.160633e-05  2.901954e+02  2.900167e+03
3.250000e-01  7.412628e-05  2.994324e+02  2.900522e+03
3.350000e-01  6.753320e-05  3.086665e+02  2.900817e+03
3.450000e-01  6.169925e-05  3.179000e+02  2.901088e+03
3.550000e-01  5.651835e-05  3.271349e+02  2.901352e+03
3.650000e-01  5.190162e-05  3.363675e+02  2.901587e+03
3.750000e-01  4.777425e-05  3.456053e+02  2.901872e+03
3.850000e-01  4.407343e-05  3.548377e+02  2.902073e+03
3.950000e-01  4.074497e-05  3.640753e+02  2.902307e+03
4.050000e-01  3.774360e-05  3.733105e+02  2.902524e+03
4.150000e-01  3.502991e-05  3.825428e+02  2.902689e+03
4.250000e-01  3.257008e-05  3.917772e+02  2.902878e+03
4.350000e-01  3.033542e-05  4.010129e+02  2.903068e+03
4.450000e-01  2.830044e-05  4.102451e+02  2.903213e+03
4.550000e-01  2.644359e-05  4.194825e+02  2.903404e+03
4.650000e-01  2.474572e-05  4.287235e+02  2.903622e+03
4.750000e-01  2.319014e-05  4.379571e+02  2.903756e+03
4.850000e-01  2.176219e-05  4.471903e+02  2.903882e+03
4.950000e-01  2.044917e-05  4.564253e+02  2.904026e+03
5.050000e-01  1.923950e-05  4.656629e+02  2.904192e+03
5.150000e-01  1.812344e-05  4.748990e+02  2.904335e+03
5.250000e-01  1.709216e-05  4.841370e+02  2.904488e+03
5.350000e-01  1.613747e-05  4.933789e+02  2.904668e+03
5.450000e-01  1.525276e-05  5.026254e+02  2.904882e+03
5.550000e-01  1.443156e-05  5.118721e+02  2.905092e+03
5.650000e-01  1.366823e-05  5.211144e+02  2.905251e+03
5.750000e-01  1.295777e-05  5.303531e+02  2.905377e+03
5.850000e-01  1.229577e-05  5.395868e+02  2.905462e+03
5.950000e-01  1.167805e-05  5.488314e+02  2.905627e+03
6.050000e-01  1.110103e-05  5.580871e+02  2.905870e+03
6.150000e-01  1.056134e-05  5.673335e+02  2.906036e+03
6.250000e-01  1.005613e-05  5.765716e+02  2.906136e+03
6.350000e-01  9.582674e-06  5.858087e+02  2.906230e+03
6.450000e-01  9.138436e-06  5.950466e+02  2.906327e+03
6.550000e-01  8.721253e-06  6.042897e+02  2.906453e+03
6.650000e-01  8.329084e-06  6.135330e+02  2.906579e+03
6.750000e-01  7.960059e-06  6.227887e+02  2.906781e+03
6.850000e-01  7.612551e-06  6.320358e+02  2.906920e+03
6.950000e-01  7.284980e-06  6.412791e+02  2.907031e+03
7.050000e-01  6.975936e-06  6.505237e+02  2.907144e+03
7.150000e-01  6.684129e-06  6.597714e+02  2.907283e+03
7.250000e-01  6.408372e-06  6.690206e+02  2.907425e+03
7.350000e-01  6.147578e-06  6.782592e+02  2.907493e+03
7.450000e-01  5.900708e-06  6.875054e+02  2.907611e+03
7.550000e-01  5.666916e-06  6.967498e+02  2.907718e+03
7.650000e-01  5.445289e-06  7.059990e+02  2.907842e+03
7.750000e-01  5.235092e-06  7.152433e+02  2.907935e+03
7.850000e-01  5.035576e-06  7.244946e+02  2.908070e+03
7.950000e-01  4.846071e-06  7.337446e+02  2.908197e+03
8.050000e-01  4.665957e-06  7.429823e+02  2.908243e+03
8.150000e-01  4.494644e-06  7.522277e+02  2.908336e+03
8.250000e-01  4.331630e-06  7.614644e+02  2.908375e+03
8.350000e-01  4.176398e-06  7.707102e+02  2.908467e+03
8.450000e-01  4.028473e-06  7.799560e+02  2.908559e+03
8.550000e-01  3.887479e-06  7.892062e+02  2.908668e+03
8.650000e-01  3.752966e-06  7.984584e+02  2.908784e+03
8.750000e-01  3.624581e-06  8.077131e+02  2.908917e+03
8.850000e-01  3.502013e-06  8.169758e+02  2.909084e+03
8.950000e-01  3.384844e-06  8.262266e+02  2.909191e+03
9.050000e-01  3.272906e-06  8.354811e+02  2.909308e+03
9.150000e-01  3.165850e-06  8.447428e+02  2.909456e+03
9.250000e-01  3.063398e-06  8.539979e+02  2.909567e+03
9.350000e-01  2.965317e-06  8.632483e+02  2.909657e+03
9.450000e-01  2.871394e-06  8.725033e+02  2.909770e+03
9.550000e-01  2.781383e-06  8.817591e+02  2.909886e+03
9.650000e-01  2.695093e-06  8.910116e+02  2.909977e+03
9.750000e-01  2.612338e-06  9.002768e+02  2.910129e+03
9.850000e-01  2.532948e-06  9.095273e+02  2.910205e+03
9.950000e-01  2.456729e-06  9.187774e+02  2.910282e+03
