1.500000e-02  2.483002e+00  1.248481e-01  4.042000e+00
2.500000e-02  3.245826e+00  1.137259e+00  4.034300e+01
3.500000e-02  3.558286e+00  5.346193e+00  2.151560e+02
4.500000e-02  3.269633e+00  1.372424e+01  5.921730e+02
5.500000e-02  3.235631e+00  2.671018e+01  1.181925e+03
6.500000e-02  3.048885e+00  4.328794e+01  1.893168e+03
7.500000e-02  2.748292e+00  6.198174e+01  2.615254e+03
8.500000e-02  2.575041e+00  8.096554e+01  3.235626e+03
9.500000e-02  2.336822e+00  9.865536e+01  3.682958e+03
1.050000e-01  2.067766e+00  1.145574e+02  3.965555e+03
1.150000e-01  1.720544e+00  1.287011e+02  4.119772e+03
1.250000e-01  1.353471e+00  1.415407e+02  4.192770e+03
1.350000e-01  1.072969e+00  1.536355e+02  4.224578e+03
1.450000e-01  8.260378e-01  1.654249e+02  4.240268e+03
1.550000e-01  6.290251e-01  1.771418e+02  4.251346e+03
1.650000e-01  4.799274e-01  1.888048e+02  4.259271e+03
1.750000e-01  3.696610e-01  2.004507e+02  4.265733e+03
1.850000e-01  2.883465e-01  2.120727e+02  4.270802e+03
1.950000e-01  2.281614e-01  2.236911e+02  4.275236e+03
2.050000e-01  1.829477e-01  2.353031e+02  4.279056e+03
2.150000e-01  1.486042e-01  2.469018e+02  4.282190e+03
2.250000e-01  1.221376e-01  2.584908e+02  4.284790e+03
2.350000e-01  1.014583e-01  2.700803e+02  4.287180e+03
2.450000e-01  8.511149e-02  2.816653e+02  4.289268e+03
2.550000e-01  7.207504e-02  2.932500e+02  4.291194e+03
2.650000e-01  6.152473e-02  3.048323e+02  4.292919e+03
2.750000e-01  5.291783e-02  3.164209e+02  4.294639e+03
2.850000e-01  4.583183e-02  3.279980e+02  4.296026e+03
2.950000e-01  3.994038e-02  3.395799e+02  4.297396e+03
3.050000e-01  3.501440e-02  3.511667e+02  4.298778e+03
3.150000e-01  3.085608e-02  3.627510e+02  4.300030e+03
3.250000e-01  2.732589e-02  3.743255e+02  4.301038e+03
3.350000e-01  2.431431e-02  3.859010e+02  4.301991e+03
3.450000e-01  2.172598e-02  3.974721e+02  4.302829e+03
3.550000e-01  1.948985e-02  4.090524e+02  4.303757e+03
3.650000e-01  1.754953e-02  4.206264e+02  4.304534e+03
3.750000e-01  1.585797e-02  4.322096e+02  4.305413e+03
3.850000e-01  1.437597e-02  4.437925e+02  4.306236e+03
3.950000e-01  1.307256e-02  4.553737e+02  4.307002e+03
4.050000e-01  1.192059e-02  4.669523e+02  4.307692e+03
4.150000e-01  1.089983e-02  4.785358e+02  4.308414e+03
4.250000e-01  9.992868e-03  4.901151e+02  4.309048e+03
4.350000e-01  9.182356e-03  5.016999e+02  4.309728e+03
4.450000e-01  8.456873e-03  5.132849e+02  4.310371e+03
4.550000e-01  7.805528e-03  5.248648e+02  4.310929e+03
4.650000e-01  7.219083e-03  5.364337e+02  4.311327e+03
4.750000e-01  6.689923e-03  5.480136e+02  4.311843e+03
4.850000e-01  6.211288e-03  5.595975e+02  4.312378e+03
4.950000e-01  5.776584e-03  5.711849e+02  4.312928e+03
5.050000e-01  5.381916e-03  5.827589e+02  4.313306e+03
5.150000e-01  5.022188e-03  5.943459e+02  4.313812e+03
5.250000e-01  4.693771e-03  6.059268e+02  4.314237e+03
5.350000e-01  4.393739e-03  6.175041e+02  4.314611e+03
5.450000e-01  4.118102e-03  6.290929e+02  4.315084e+03
5.550000e-01  3.865112e-03  6.406690e+02  4.315417e+03
5.650000e-01  3.632745e-03  6.522543e+02  4.315829e+03
5.750000e-01  3.418299e-03  6.638315e+02  4.316148e+03
5.850000e-01  3.220423e-03  6.754186e+02  4.316551e+03
5.950000e-01  3.037556e-03  6.869984e+02  4.316872e+03
6.050000e-01  2.867894e-03  6.985829e+02  4.317225e+03
6.150000e-01  2.710942e-03  7.101568e+02  4.317470e+03
6.250000e-01  2.565088e-03  7.217394e+02  4.317784e+03
6.350000e-01  2.429352e-03  7.333202e+02  4.318071e+03
6.450000e-01  2.303154e-03  7.448980e+02  4.318325e+03
6.550000e-01  2.185725e-03  7.564819e+02  4.318620e+03
6.650000e-01  2.076131e-03  7.680660e+02  4.318907e+03
6.750000e-01  1.973634e-03  7.796558e+02  4.319237e+03
6.850000e-01  1.877745e-03  7.912328e+02  4.319456e+03
6.950000e-01  1.787896e-03  8.028186e+02  4.319729e+03
7.050000e-01  1.703851e-03  8.143913e+02  4.319900e+03
7.150000e-01  1.624837e-03  8.259720e+02  4.320125e+03
7.250000e-01  1.550611e-03  8.375558e+02  4.320363e+03
7.350000e-01  1.480795e-03  8.491378e+02  4.320583e+03
7.450000e-01  1.415091e-03  8.607161e+02  4.320771e+03
7.550000e-01  1.353276e-03  8.723085e+02  4.321060e+03
7.650000e-01  1.295005e-03  8.838992e+02  4.321329e+03
7.750000e-01  1.240108e-03  8.954835e+02  4.321545e+03
7.850000e-01  1.188153e-03  9.070653e+02  4.321739e+03
7.950000e-01  1.139135e-03  9.186489e+02  4.321937e+03
8.050000e-01  1.092746e-03  9.302332e+02  4.322133e+03
8.150000e-01  1.048909e-03  9.418155e+02  4.322310e+03
8.250000e-01  1.007301e-03  9.533920e+02  4.322451e+03
8.350000e-01  9.677915e-04  9.649746e+02  4.322627e+03
8.450000e-01  9.303163e-04  9.765614e+02  4.322826e+03
8.550000e-01  8.948329e-04  9.881427e+02  4.322979e+03
8.650000e-01  8.611509e-04  9.997294e+02  4.323168e+03
8.750000e-01  8.291283e-04  1.011320e+03  4.323378e+03
8.850000e-01  7.986728e-04  1.022915e+03  4.323611e+03
8.950000e-01  7.697048e-04  1.034503e+03  4.323791e+03
9.050000e-01  7.421209e-04  1.046077e+03  4.323882e+03
9.150000e-01  7.158170e-04  1.057666e+03  4.324068e+03
9.250000e-01  6.907394e-04  1.069254e+03  4.324237e+03
9.350000e-01  6.667885e-04  1.080845e+03  4.324422e+03
9.450000e-01  6.439617e-04  1.092439e+03  4.324626e+03
9.550000e-01  6.220869e-04  1.104037e+03  4.324841e+03
9.650000e-01  6.012598e-04  1.115634e+03  4.325047e+03
9.750000e-01  5.812990e-04  1.127220e+03  4.325194e+03
9.850000e-01  5.622769e-04  1.138809e+03  4.325351e+03
9.950000e-01  5.440099e-04  1.149683e+03  4.321514e+03
