1.500000e-02  2.857759e+00  6.606525e-02  1.020000e+00
2.500000e-02  3.840852e+00  1.276890e-01  1.528000e+00
3.500000e-02  6.409891e+00  3.640970e-01  5.630000e+00
4.500000e-02  5.985491e+00  1.552344e+00  2.830500e+01
5.500000e-02  7.216945e+00  4.551803e+00  9.020400e+01
6.500000e-02  6.655242e+00  9.132940e+00  1.917770e+02
7.500000e-02  6.465580e+00  1.451299e+01  3.045840e+02
8.500000e-02  6.260342e+00  1.974791e+01  3.983370e+02
9.500000e-02  6.842903e+00  2.445190e+01  4.635970e+02
1.050000e-01  5.290067e+00  2.835675e+01  4.981060e+02
1.150000e-01  4.577657e+00  3.165449e+01  5.124510e+02
1.250000e-01  3.765900e+00  3.465178e+01  5.180040e+02
1.350000e-01  2.961368e+00  3.755636e+01  5.208050e+02
1.450000e-01  2.284655e+00  4.041503e+01  5.223150e+02
1.550000e-01  1.759018e+00  4.324963e+01  5.232040e+02
1.650000e-01  1.361970e+00  4.610056e+01  5.242380e+02
1.750000e-01  1.066170e+00  4.893330e+01  5.248640e+02
1.850000e-01  8.449825e-01  5.176548e+01  5.254290e+02
1.950000e-01  6.781796e-01  5.459772e+01  5.259360e+02
2.050000e-01  5.508894e-01  5.743089e+01  5.263980e+02
2.150000e-01  4.525587e-01  6.026373e+01  5.268100e+02
2.250000e-01  3.756692e-01  6.309211e+01  5.271330e+02
2.350000e-01  3.148306e-01  6.592067e+01  5.274410e+02
2.450000e-01  2.661857e-01  6.874922e+01  5.277140e+02
2.550000e-01  2.268823e-01  7.158134e+01  5.279990e+02
2.650000e-01  1.948237e-01  7.441343e+01  5.282580e+02
2.750000e-01  1.684416e-01  7.724652e+01  5.285080e+02
2.850000e-01  1.465519e-01  8.007807e+01  5.287430e+02
2.950000e-01  1.282503e-01  8.290549e+01  5.289140e+02
3.050000e-01  1.128404e-01  8.573094e+01  5.290590e+02
3.150000e-01  9.977756e-02  8.855687e+01  5.291950e+02
3.250000e-01  8.863528e-02  9.138506e+01  5.293400e+02
3.350000e-01  7.907784e-02  9.421269e+01  5.294700e+02
3.450000e-01  7.083632e-02  9.703606e+01  5.295630e+02
3.550000e-01  6.369197e-02  9.986499e+01  5.296920e+02
3.650000e-01  5.747006e-02  1.026922e+02  5.297990e+02
3.750000e-01  5.202715e-02  1.055197e+02  5.299020e+02
3.850000e-01  4.724678e-02  1.083468e+02  5.300040e+02
3.950000e-01  4.303072e-02  1.111730e+02  5.300880e+02
4.050000e-01  3.929887e-02  1.139977e+02  5.301600e+02
4.150000e-01  3.598382e-02  1.168292e+02  5.302790e+02
4.250000e-01  3.302998e-02  1.196567e+02  5.303620e+02
4.350000e-01  3.038929e-02  1.224861e+02  5.304520e+02
4.450000e-01  2.802152e-02  1.253144e+02  5.305300e+02
4.550000e-01  2.589204e-02  1.281483e+02  5.306420e+02
4.650000e-01  2.397256e-02  1.309770e+02  5.307180e+02
4.750000e-01  2.223733e-02  1.338015e+02  5.307640e+02
4.850000e-01  2.066486e-02  1.366328e+02  5.308470e+02
4.950000e-01  1.923692e-02  1.394650e+02  5.309340e+02
5.050000e-01  1.793699e-02  1.423002e+02  5.310310e+02
5.150000e-01  1.675136e-02  1.451293e+02  5.310920e+02
5.250000e-01  1.566756e-02  1.479570e+02  5.311420e+02
5.350000e-01  1.467494e-02  1.507894e+02  5.312130e+02
5.450000e-01  1.376418e-02  1.536199e+02  5.312730e+02
5.550000e-01  1.292707e-02  1.564578e+02  5.313730e+02
5.650000e-01  1.215643e-02  1.592915e+02  5.314420e+02
5.750000e-01  1.144559e-02  1.621232e+02  5.315040e+02
5.850000e-01  1.078910e-02  1.649536e+02  5.315590e+02
5.950000e-01  1.018159e-02  1.677851e+02  5.316110e+02
6.050000e-01  9.618797e-03  1.706226e+02  5.316940e+02
6.150000e-01  9.096616e-03  1.734591e+02  5.317680e+02
6.250000e-01  8.611601e-03  1.762873e+02  5.318040e+02
6.350000e-01  8.160368e-03  1.791163e+02  5.318380e+02
6.450000e-01  7.740010e-03  1.819478e+02  5.318860e+02
6.550000e-01  7.348041e-03  1.847809e+02  5.319400e+02
6.650000e-01  6.981945e-03  1.876179e+02  5.320080e+02
6.750000e-01  6.639762e-03  1.904544e+02  5.320730e+02
6.850000e-01  6.319552e-03  1.932847e+02  5.321130e+02
6.950000e-01  6.019574e-03  1.961174e+02  5.321580e+02
7.050000e-01  5.738285e-03  1.989545e+02  5.322170e+02
7.150000e-01  5.474190e-03  2.017850e+02  5.322490e+02
7.250000e-01  5.226033e-03  2.046188e+02  5.322900e+02
7.350000e-01  4.992627e-03  2.074466e+02  5.323120e+02
7.450000e-01  4.772882e-03  2.102819e+02  5.323590e+02
7.550000e-01  4.565836e-03  2.131207e+02  5.324210e+02
7.650000e-01  4.370570e-03  2.159566e+02  5.324710e+02
7.750000e-01  4.186295e-03  2.187947e+02  5.325230e+02
7.850000e-01  4.012216e-03  2.216289e+02  5.325650e+02
7.950000e-01  3.847607e-03  2.244639e+02  5.326040e+02
8.050000e-01  3.691877e-03  2.273062e+02  5.326730e+02
8.150000e-01  3.544448e-03  2.301393e+02  5.327060e+02
8.250000e-01  3.404743e-03  2.329704e+02  5.327320e+02
8.350000e-01  3.272292e-03  2.358035e+02  5.327680e+02
8.450000e-01  3.146586e-03  2.386395e+02  5.328070e+02
8.550000e-01  3.027242e-03  2.414731e+02  5.328400e+02
8.650000e-01  2.913871e-03  2.443098e+02  5.328840e+02
8.750000e-01  2.806079e-03  2.471444e+02  5.329180e+02
8.850000e-01  2.703540e-03  2.499757e+02  5.329410e+02
8.950000e-01  2.605921e-03  2.528072e+02  5.329640e+02
9.050000e-01  2.512963e-03  2.556423e+02  5.329990e+02
9.150000e-01  2.424355e-03  2.584767e+02  5.330310e+02
9.250000e-01  2.339870e-03  2.613153e+02  5.330730e+02
9.350000e-01  2.259240e-03  2.641588e+02  5.331240e+02
9.450000e-01  2.182290e-03  2.669903e+02  5.331450e+02
9.550000e-01  2.108783e-03  2.698299e+02  5.331880e+02
9.650000e-01  2.038533e-03  2.726777e+02  5.332550e+02
9.750000e-01  1.971363e-03  2.755337e+02  5.333420e+02
9.850000e-01  1.907094e-03  2.783799e+02  5.334010e+02
9.950000e-01  1.845603e-03  2.812200e+02  5.334370e+02
