1.500000e-02  2.808839e+00  7.786643e-02  1.566000e+00
2.500000e-02  3.993604e+00  4.522866e-01  1.212200e+01
3.500000e-02  4.622248e+00  2.648818e+00  7.904300e+01
4.500000e-02  4.941399e+00  8.184342e+00  2.756730e+02
5.500000e-02  5.168085e+00  1.712033e+01  6.087790e+02
6.500000e-02  4.849236e+00  2.875253e+01  1.025825e+03
7.500000e-02  4.537582e+00  4.173821e+01  1.444465e+03
8.500000e-02  4.235799e+00  5.478886e+01  1.798962e+03
9.500000e-02  4.021667e+00  6.697159e+01  2.056701e+03
1.050000e-01  3.607161e+00  7.778870e+01  2.215479e+03
1.150000e-01  3.136309e+00  8.731801e+01  2.298693e+03
1.250000e-01  2.665719e+00  9.593070e+01  2.335915e+03
1.350000e-01  2.083636e+00  1.040566e+02  2.351220e+03
1.450000e-01  1.612272e+00  1.120301e+02  2.359617e+03
1.550000e-01  1.231808e+00  1.199587e+02  2.365621e+03
1.650000e-01  9.425716e-01  1.278571e+02  2.370053e+03
1.750000e-01  7.275956e-01  1.357350e+02  2.373432e+03
1.850000e-01  5.686026e-01  1.436095e+02  2.376355e+03
1.950000e-01  4.503867e-01  1.514862e+02  2.379042e+03
2.050000e-01  3.615863e-01  1.593511e+02  2.381203e+03
2.150000e-01  2.940196e-01  1.672198e+02  2.383231e+03
2.250000e-01  2.419457e-01  1.750741e+02  2.384800e+03
2.350000e-01  2.012205e-01  1.829285e+02  2.386239e+03
2.450000e-01  1.690119e-01  1.907773e+02  2.387445e+03
2.550000e-01  1.432269e-01  1.986343e+02  2.388702e+03
2.650000e-01  1.223696e-01  2.064953e+02  2.389945e+03
2.750000e-01  1.053339e-01  2.143461e+02  2.390917e+03
2.850000e-01  9.129397e-02  2.221885e+02  2.391690e+03
2.950000e-01  7.962170e-02  2.300435e+02  2.392597e+03
3.050000e-01  6.984400e-02  2.378920e+02  2.393359e+03
3.150000e-01  6.159213e-02  2.457501e+02  2.394214e+03
3.250000e-01  5.458141e-02  2.536023e+02  2.394929e+03
3.350000e-01  4.858896e-02  2.614513e+02  2.395561e+03
3.450000e-01  4.343340e-02  2.693082e+02  2.396258e+03
3.550000e-01  3.898163e-02  2.771602e+02  2.396859e+03
3.650000e-01  3.511715e-02  2.850096e+02  2.397393e+03
3.750000e-01  3.174326e-02  2.928623e+02  2.397930e+03
3.850000e-01  2.878706e-02  3.007249e+02  2.398559e+03
3.950000e-01  2.618564e-02  3.085862e+02  2.399143e+03
4.050000e-01  2.388750e-02  3.164384e+02  2.399595e+03
4.150000e-01  2.184980e-02  3.242899e+02  2.400024e+03
4.250000e-01  2.003638e-02  3.321436e+02  2.400452e+03
4.350000e-01  1.841748e-02  3.400023e+02  2.400913e+03
4.450000e-01  1.696780e-02  3.478539e+02  2.401285e+03
4.550000e-01  1.566687e-02  3.557071e+02  2.401655e+03
4.650000e-01  1.449417e-02  3.635658e+02  2.402057e+03
4.750000e-01  1.343577e-02  3.714150e+02  2.402353e+03
4.850000e-01  1.247761e-02  3.792742e+02  2.402737e+03
4.950000e-01  1.160863e-02  3.871315e+02  2.403083e+03
5.050000e-01  1.081860e-02  3.949827e+02  2.403355e+03
5.150000e-01  1.009787e-02  4.028311e+02  2.403598e+03
5.250000e-01  9.439994e-03  4.106810e+02  2.403845e+03
5.350000e-01  8.837717e-03  4.185365e+02  2.404128e+03
5.450000e-01  8.285406e-03  4.263951e+02  2.404429e+03
5.550000e-01  7.778132e-03  4.342440e+02  2.404640e+03
5.650000e-01  7.311077e-03  4.421029e+02  2.404921e+03
5.750000e-01  6.880949e-03  4.499632e+02  2.405207e+03
5.850000e-01  6.483918e-03  4.578224e+02  2.405472e+03
5.950000e-01  6.116852e-03  4.656747e+02  2.405676e+03
6.050000e-01  5.776640e-03  4.735316e+02  2.405904e+03
6.150000e-01  5.461454e-03  4.813923e+02  2.406158e+03
6.250000e-01  5.168645e-03  4.892503e+02  2.406382e+03
6.350000e-01  4.896458e-03  4.971056e+02  2.406578e+03
6.450000e-01  4.642961e-03  5.049760e+02  2.406875e+03
6.550000e-01  4.406604e-03  5.128306e+02  2.407053e+03
6.650000e-01  4.186064e-03  5.206926e+02  2.407275e+03
6.750000e-01  3.979932e-03  5.285484e+02  2.407452e+03
6.850000e-01  3.787046e-03  5.364132e+02  2.407683e+03
6.950000e-01  3.606508e-03  5.442649e+02  2.407820e+03
7.050000e-01  3.437198e-03  5.521294e+02  2.408037e+03
7.150000e-01  3.278271e-03  5.599898e+02  2.408224e+03
7.250000e-01  3.128952e-03  5.678429e+02  2.408357e+03
7.350000e-01  2.988594e-03  5.757150e+02  2.408601e+03
7.450000e-01  2.856348e-03  5.835845e+02  2.408828e+03
7.550000e-01  2.731906e-03  5.914443e+02  2.408987e+03
7.650000e-01  2.614628e-03  5.993088e+02  2.409170e+03
7.750000e-01  2.503901e-03  6.071706e+02  2.409338e+03
7.850000e-01  2.399386e-03  6.150353e+02  2.409514e+03
7.950000e-01  2.300629e-03  6.229055e+02  2.409720e+03
8.050000e-01  2.207126e-03  6.307714e+02  2.409895e+03
8.150000e-01  2.118676e-03  6.386398e+02  2.410080e+03
8.250000e-01  2.034897e-03  6.465001e+02  2.410217e+03
8.350000e-01  1.955475e-03  6.543550e+02  2.410320e+03
8.450000e-01  1.880099e-03  6.622188e+02  2.410469e+03
8.550000e-01  1.808535e-03  6.700777e+02  2.410590e+03
8.650000e-01  1.740516e-03  6.779374e+02  2.410710e+03
8.750000e-01  1.675957e-03  6.857982e+02  2.410833e+03
8.850000e-01  1.614447e-03  6.936607e+02  2.410963e+03
8.950000e-01  1.555926e-03  7.015253e+02  2.411101e+03
9.050000e-01  1.500226e-03  7.093884e+02  2.411230e+03
9.150000e-01  1.447165e-03  7.172537e+02  2.411366e+03
9.250000e-01  1.396577e-03  7.251160e+02  2.411482e+03
9.350000e-01  1.348259e-03  7.329852e+02  2.411630e+03
9.450000e-01  1.302207e-03  7.408492e+02  2.411748e+03
9.550000e-01  1.258225e-03  7.487238e+02  2.411918e+03
9.650000e-01  1.216178e-03  7.565816e+02  2.412005e+03
9.750000e-01  1.175993e-03  7.644542e+02  2.412158e+03
9.850000e-01  1.137579e-03  7.723116e+02  2.412233e+03
9.950000e-01  1.100766e-03  7.801856e+02  2.412389e+03
