1.500000e-02  1.653266e+00  4.730772e+01  1.808965e+04
2.500000e-02  1.308621e-01  7.988169e+01  1.844679e+04
3.500000e-02  3.313104e-02  1.123421e+02  1.857217e+04
4.500000e-02  1.291671e-02  1.447767e+02  1.863696e+04
5.500000e-02  6.310272e-03  1.772059e+02  1.867736e+04
6.500000e-02  3.539487e-03  2.096339e+02  1.870517e+04
7.500000e-02  2.179559e-03  2.420675e+02  1.872627e+04
8.500000e-02  1.435756e-03  2.745051e+02  1.874282e+04
9.500000e-02  9.953553e-04  3.069464e+02  1.875621e+04
1.050000e-01  7.181200e-04  3.393883e+02  1.876710e+04
1.150000e-01  5.349302e-04  3.718337e+02  1.877637e+04
1.250000e-01  4.090219e-04  4.042862e+02  1.878463e+04
1.350000e-01  3.197851e-04  4.367405e+02  1.879178e+04
1.450000e-01  2.547161e-04  4.691902e+02  1.879767e+04
1.550000e-01  2.061527e-04  5.016503e+02  1.880341e+04
1.650000e-01  1.691894e-04  5.341125e+02  1.880854e+04
1.750000e-01  1.405598e-04  5.665762e+02  1.881316e+04
1.850000e-01  1.180328e-04  5.990418e+02  1.881738e+04
1.950000e-01  1.000884e-04  6.315126e+02  1.882140e+04
2.050000e-01  8.559705e-05  6.639883e+02  1.882522e+04
2.150000e-01  7.377423e-05  6.964620e+02  1.882861e+04
2.250000e-01  6.403002e-05  7.289345e+02  1.883167e+04
2.350000e-01  5.593443e-05  7.614075e+02  1.883447e+04
2.450000e-01  4.914424e-05  7.938798e+02  1.883703e+04
2.550000e-01  4.340975e-05  8.263602e+02  1.883967e+04
2.650000e-01  3.853615e-05  8.588384e+02  1.884203e+04
2.750000e-01  3.436306e-05  8.913199e+02  1.884433e+04
2.850000e-01  3.077073e-05  9.238007e+02  1.884645e+04
2.950000e-01  2.766374e-05  9.562828e+02  1.884846e+04
3.050000e-01  2.495960e-05  9.887676e+02  1.885039e+04
3.150000e-01  2.259803e-05  1.021250e+03  1.885215e+04
3.250000e-01  2.052378e-05  1.053741e+03  1.885403e+04
3.350000e-01  1.869562e-05  1.086228e+03  1.885569e+04
3.450000e-01  1.707758e-05  1.118726e+03  1.885754e+04
3.550000e-01  1.564301e-05  1.151211e+03  1.885894e+04
3.650000e-01  1.436494e-05  1.183705e+03  1.886050e+04
3.750000e-01  1.322153e-05  1.216202e+03  1.886204e+04
3.850000e-01  1.219617e-05  1.248698e+03  1.886352e+04
3.950000e-01  1.127455e-05  1.281198e+03  1.886498e+04
4.050000e-01  1.044351e-05  1.313692e+03  1.886624e+04
4.150000e-01  9.692258e-06  1.346192e+03  1.886754e+04
4.250000e-01  9.010783e-06  1.378690e+03  1.886875e+04
4.350000e-01  8.392411e-06  1.411190e+03  1.886995e+04
4.450000e-01  7.829191e-06  1.443687e+03  1.887104e+04
4.550000e-01  7.315061e-06  1.476195e+03  1.887229e+04
4.650000e-01  6.845170e-06  1.508698e+03  1.887340e+04
4.750000e-01  6.414636e-06  1.541192e+03  1.887430e+04
4.850000e-01  6.019330e-06  1.573692e+03  1.887527e+04
4.950000e-01  5.655830e-06  1.606193e+03  1.887621e+04
5.050000e-01  5.320977e-06  1.638695e+03  1.887712e+04
5.150000e-01  5.012292e-06  1.671196e+03  1.887798e+04
5.250000e-01  4.726944e-06  1.703706e+03  1.887896e+04
5.350000e-01  4.462506e-06  1.736207e+03  1.887977e+04
5.450000e-01  4.217690e-06  1.768714e+03  1.888064e+04
5.550000e-01  3.990310e-06  1.801221e+03  1.888148e+04
5.650000e-01  3.779087e-06  1.833731e+03  1.888233e+04
5.750000e-01  3.582502e-06  1.866246e+03  1.888323e+04
5.850000e-01  3.399172e-06  1.898761e+03  1.888410e+04
5.950000e-01  3.228180e-06  1.931277e+03  1.888497e+04
6.050000e-01  3.068629e-06  1.963787e+03  1.888570e+04
6.150000e-01  2.919350e-06  1.996297e+03  1.888640e+04
6.250000e-01  2.779691e-06  2.028815e+03  1.888721e+04
6.350000e-01  2.648799e-06  2.061324e+03  1.888787e+04
6.450000e-01  2.525999e-06  2.093840e+03  1.888860e+04
6.550000e-01  2.410506e-06  2.126360e+03  1.888935e+04
6.650000e-01  2.302063e-06  2.158881e+03  1.889011e+04
6.750000e-01  2.200065e-06  2.191399e+03  1.889079e+04
6.850000e-01  2.104005e-06  2.223908e+03  1.889135e+04
6.950000e-01  2.013422e-06  2.256420e+03  1.889191e+04
7.050000e-01  1.927998e-06  2.288932e+03  1.889247e+04
7.150000e-01  1.847197e-06  2.321453e+03  1.889312e+04
7.250000e-01  1.770899e-06  2.353976e+03  1.889378e+04
7.350000e-01  1.698821e-06  2.386491e+03  1.889433e+04
7.450000e-01  1.630578e-06  2.419006e+03  1.889485e+04
7.550000e-01  1.565965e-06  2.451526e+03  1.889543e+04
7.650000e-01  1.504698e-06  2.484049e+03  1.889603e+04
7.750000e-01  1.446572e-06  2.516572e+03  1.889663e+04
7.850000e-01  1.391407e-06  2.549090e+03  1.889713e+04
7.950000e-01  1.338981e-06  2.581611e+03  1.889766e+04
8.050000e-01  1.289186e-06  2.614134e+03  1.889820e+04
8.150000e-01  1.241852e-06  2.646650e+03  1.889865e+04
8.250000e-01  1.196807e-06  2.679161e+03  1.889905e+04
8.350000e-01  1.153914e-06  2.711687e+03  1.889958e+04
8.450000e-01  1.112934e-06  2.744216e+03  1.890013e+04
8.550000e-01  1.073978e-06  2.776728e+03  1.890050e+04
8.650000e-01  1.036788e-06  2.809248e+03  1.890093e+04
8.750000e-01  1.001325e-06  2.841773e+03  1.890142e+04
8.850000e-01  9.674358e-07  2.874292e+03  1.890182e+04
8.950000e-01  9.350368e-07  2.906808e+03  1.890219e+04
9.050000e-01  9.040797e-07  2.939315e+03  1.890246e+04
9.150000e-01  8.744994e-07  2.971816e+03  1.890267e+04
9.250000e-01  8.461756e-07  3.004304e+03  1.890276e+04
9.350000e-01  8.190853e-07  3.036796e+03  1.890287e+04
9.450000e-01  7.931392e-07  3.069273e+03  1.890285e+04
9.550000e-01  7.682229e-07  3.101734e+03  1.890267e+04
9.650000e-01  7.443911e-07  3.134196e+03  1.890251e+04
9.750000e-01  7.215350e-07  3.166630e+03  1.890209e+04
9.850000e-01  6.995486e-07  3.199046e+03  1.890153e+04
9.950000e-01  6.785002e-07  3.231457e+03  1.890093e+04
